h 0 0 239
h 199 0 239
v 0 0 199
v 0 239 199
h 1 0 239
h 198 0 239
v 0 1 199
v 0 238 199 
h 87 30 60
h 112 30 60
h 30 30 190
h 169 30 210
h 50 60 80
h 70 60 60
v 50 140 40
v 70 120 42
v 30 30 57
v 112 30 57
h 142 60 60
h 79 140 40 
h 112 120 40 
v 112 160 57
h 127 180 40
v 30 180 97
h 99 200 39
v 69 200 30
v 30 220 39
v 0 120 15
v 15 160 15
h 0 0 0
h 88 30 60
h 113 30 60
h 31 30 190
h 170 30 210
h 51 60 80
h 71 60 60
v 50 141 40
v 70 121 42
v 30 31 57
v 112 31 57
h 143 60 60
h 80 140 40 
h 113 120 40 
v 112 161 57
h 128 180 40
v 30 181 97
h 100 200 39
v 69 201 30
v 30 221 39
v 0 121 15
v 15 161 15
